epoch:0 0.4395  0.5884  0.5217  0.2522  0.3653  0.4408  0.6463  0.6545  0.6545  0.3375  0.5601  0.6556  0.1550  0.010000
epoch:1 0.5054  0.6697  0.6017  0.3009  0.4079  0.5064  0.6841  0.6940  0.6940  0.3125  0.6222  0.6945  0.1090  0.010000
epoch:2 0.5566  0.7149  0.6571  0.3127  0.4368  0.5571  0.7105  0.7197  0.7197  0.4000  0.6686  0.7203  0.0985  0.010000
epoch:3 0.6084  0.7621  0.7100  0.3379  0.5797  0.6086  0.7375  0.7451  0.7451  0.3625  0.6872  0.7457  0.0837  0.003300
epoch:4 0.6290  0.7809  0.7355  0.3755  0.5524  0.6295  0.7456  0.7525  0.7525  0.4000  0.6889  0.7532  0.0795  0.003300
epoch:5 0.6370  0.7916  0.7440  0.5131  0.5774  0.6375  0.7501  0.7571  0.7571  0.5125  0.6905  0.7578  0.0764  0.003300
epoch:6 0.6674  0.8165  0.7728  0.4636  0.6469  0.6676  0.7663  0.7732  0.7732  0.5125  0.7234  0.7736  0.0694  0.001089
epoch:7 0.6737  0.8231  0.7804  0.4760  0.6308  0.6741  0.7669  0.7736  0.7736  0.4750  0.7157  0.7741  0.0673  0.001089
epoch:8 0.6851  0.8317  0.7930  0.4385  0.6592  0.6854  0.7749  0.7820  0.7820  0.4500  0.7272  0.7825  0.0656  0.001089
epoch:9 0.6928  0.8374  0.7995  0.4635  0.6644  0.6932  0.7768  0.7837  0.7837  0.4750  0.7302  0.7842  0.0626  0.000359
epoch:10 0.6947  0.8409  0.8015  0.4635  0.6682  0.6951  0.7778  0.7846  0.7846  0.4750  0.7365  0.7851  0.0618  0.000359
epoch:11 0.6957  0.8419  0.8023  0.4760  0.6693  0.6960  0.7775  0.7843  0.7843  0.5000  0.7379  0.7847  0.0610  0.000359
